00000000000000000000000000000000
01010000000000000000000000000010
11111111111111111000000000000000
11011111111111111111111111111101
00000000000000001000000000000000
11111110000000100000000000001000
01100000000000000000000000000010
11101111111111111111111111110111
00000000000000000000000000000000
11111110000000100000000000001000
01111000000000000111111111111111
00000000000000000000000000000000
01100000000000000000000000000010
11011111111111111111111111111101
00000000000000000000000000000000
11111000111111111111001111111111
11101111111111111111111111110111
11111110000000100000000000001000
11111110000000100000000000001000
11111110000000100000000000001000
11111110000000100000000000001000
11111110000000100000000000001000
00000000011111100000000000011100
11100001111111111111111111110111
11100000111111111111001111111111
11111000111111111111001111111111
00000000011111100000000000011100
11011111111111111111111111111101
11111000000000000111111111111111
11011111111111111111111111111101
11111000111111111111001111111111
01100000000000000000000000000010
01100000000000000000000000000010
01100000000000000000000000000010
01100000000000000000000000000010
01100000000000000000000000000010
01100000000000000000000000000010
01100000000000000000000000000010
00010000000000000000000000001000
00000000000000000000000000000000
11111110000000100000000000001000
11010000111111111111001000000000
11010000111111111111001000000000
11010000111111111111001000000000
11010000111111111111001000000000
11010000111111111111001000000000
11010000111111111111001000000000
11010000111111111111001000000000
11010000101111111111001000000000
11010000100111111111001000000000
11010000100001111111001000000000
11010000111111111111001000000000
11010000111111111111001000000000
11010000111111111111001000000000
11010000111111111110001000000000
11010000111111111110101000000000
11010000111111111110110000000000
11101111111111111111111111110111
00000000011111100000000000011100
11111000111111111111001111111111
01100000000000000000000000000010
11111000000000000111111111111111
00000000011111100000000000011100
11011111111111111111111111111101
11101111111111111111111111110111
00000000000000000000000000000000
11111110000000100000000000001000
11101111111111111111111111110111
11111110000000100000000000001000
00000000000000000000000000000000
11011111111111111111111111111101
11111000000000000111111111111111
00000000011111100000000000011100
11011111111111111111111111101111
11101111111111111111111111110111
01100000000000000000000000000010
11111000111111111111001111111111
11111000111111111111001111111111
11111000111111111111001111111111
11111000111111111111001111111111
11111000111111111111001111111111
11111000111111111111001111111111
11111000111111111111001111111111
11111000111111111111001111111111
00000000000000000000000000000000
11111000111111111111001111111111
00000000000000000000000000000000
01100000000000000000000000000010
11111000000000000111111111111111
11111110000000100000000000001000
11111000111111111111001111111111
00000000000000001101000000000000
00000000011111100000000000011100
11011111111111111111111111111101
00000000000000000000000000000000
01100000000000000000000000000010
11011111111111111111111111111101
11111110000000100000000000001000
00000000000000000000000000000000
11111000111111111111001111111111
11111000000000000111111111111111
11001000111110110101011110011111
10100000011111100000000000011100
00000000000000000000000000000000
11101111111111111111111111110111
11011111011111111111111111011101
11010000111111111111001000111111
11010000111111111111001000111111
11010000111111111111001000111111
11010000111111111111001000111111
11010000111111111111001000111111
11010010111111111111001000111111
11010011111111111111001000111111
11010011001111111111001000111111
11010000111111111111001000111111
11010000111111111111001000111111
11010000111111111111001000111111
11010000111111111111001000111111
11010000111111111111001000111111
11010000111111111111001000111111
11010000111111111111001000111111
11010000111111111111001000111111
11010000111011011111001000111111
11111110000000100000000000001001
01111110000000100000000000001000
01111110000000100000000000001001
11111110000000100000010001001000
00000000000000001000000000000000
00000000000000001000000000000000
00000000000000001000000000000000
00000000000000001000000000000000
00000000000000001000000000000000
00000000000000001000000000000000
00000000000000001000000000000000
00000000000000001000000000000000
00000000000000001000000000000000
00000000000000001000000000000000
00000000000000001000000000000000
00000000000000001000000000000000
00000000000000001000000000000000
00000000000000001000000000000000
00000000000000001000000000000000
10101011101000111000111001001101
01011010100101010110011011111000
10101111000111110010111011100000
10110000111101010101110010110011
00011101010001011010100101001010
10101001101011100011110000100110
11100011001011001110001111000010
11111111111111111111111111111111
