11101001111011111110011101111110
00011101011110010111100011101001
11010111111011110100111001011101
11111010011100011111000111010100
10111111001111111011111111110001
11110011110111111101011101111110
00111100100011011100001111100010
01110100111010111101100011010110
10010110100010010110101010010110
11101100010010111001101101001001
10110101100110110111100011110011
11000111100101111010111100111101
11111100011101001110101111100011
10101111010011101111111010111100
10101101110010111111100011100101
11000100111011101001110001111010
01110010111101011101011110001010
10001101000001111001111011111101
00111001011101111110101111010011
10001111101000011001000111110110
10101111001111101000000101010011
11010011110001100100011010011111
10011001011011001100011100001100
01110100110001111100110011100100
10111001001101111111010101100000
01011100000011111010111010101110
01010111100000011111110000001100
00010101011101000111000111001001
10100001011010100101010110011011
11100000010101111000111110010111
01110000000010110000111101010101
11001011001100000011101010001011
01010010100101000010101001101011
10001111000010011000011100011001
01100111000111100001011000010111
10011100000000000000000000000000
xxxx
00000000000000001000000000000000
11111000111111111111001111111111
01100000000000000000000000000010
11010000111111111111001000111111
00000000000000000000000000000000
11111110000000100000000000001000
11010000111111111111001000000000
11011111111111111111111111111101
11101111111111111111111111110111
00000000011111100000000000011100
11111000000000000111111111111111
01010000000000000000000000000010
11111111111111111000000000000000
01111000000000000111111111111111
11100001111111111111111111110111
11100000111111111111001111111111
