11101001111011111110011101111110
00011101011110010111100011101001
11010111111011110100111001011101
11111010011100011111000111010100
10111111110111111111100011111001
11101111111010111011111100011110
01000110111000011111000100111010
01110101111011000110101101001011
01000100101101010100101101110110
00100101110011011010010011011010
11001101101111000111100111100011
11001011110101111001111011111110
00111010011101011111000111010111
10100111011111110101111001010110
11100101111111000111001011100010
01110111010011100011110100111001
01111010111010111100010101000110
10000011101001110010111011111101
01111010011100011111010000110010
00111110110101011110011111010000
00101010011110100111100011001000
11010011111100110010110110011000
11100001100011101001100011111001
10011100100101110010011011111110
10101100000010111000000111110101
11010101110010101111000000111111
10000001100000101010111010001110
00111001001101000010110101001010
10110011011111000000101011110001
11110010111011100000000101100001
11101010101110010110011000000111
01010001011010100101001010000101
01001101011100011110000100110000
11100011001011001110001111000010
11000010111100111000000000000000
xxxx
00000000000000001000000000000000
11111000111111111111001111111111
01100000000000000000000000000010
11010000111111111111001000111111
00000000000000000000000000000000
11111110000000100000000000001000
11010000111111111111001000000000
11011111111111111111111111111101
11101111111111111111111111110111
00000000011111100000000000011100
11111000000000000111111111111111
01010000000000000000000000000010
11111111111111111000000000000000
01111000000000000111111111111111
11100001111111111111111111110111
11100000111111111111001111111111
