11101001111010111101111101101111
10011100011110010111011111101001
11000111111011110100111001011101
10111010011100001110111111000111
10001111000111100011110001111000
11110001111100011111101111111111
00001111000111011011110011110110
11100001110010111001011100101110
01011100101110010111001011100101
10000111110001001110100111000111
10101111010111101011110101111010
11110101111010111101011110101111
01011110111111100011100001110010
11110011111000111011011101111110
10011100011110111111000111101001
11011011110011111000010110111001
01101110111111001011100001110000
11100001110000111000011100001110
00011100001110100111000011101001
11001011110011110001111000001010
00011010100111100011101101110100
11100101110110111000111101001110
00011110010001100100011111011010
10111100111110100000010101000111
01001110111110010001101001101110
01111100111110011111001111100111
11001111100111110011111001111100
11111001111100111110011010010111
00100110000000000000000000000000
xxxx
11111000111111111111001111111111
11111110000000100000000000001000
01100000000000000000000000000010
11010000111111111111001000111111
00000000000000000000000000000000
11010000111111111111001000000000
11011111111111111111111111111101
11101111111111111111111111110111
00000000011111100000000000011100
11111000000000000111111111111111
01010000000000000000000000000010
11111111111111111000000000000000
00000000000000001000000000000000
01111000000000000111111111111111
11100001111111111111111111110111
11100000111111111111001111111111
